{
 "cells": [
  {
   "cell_type": "markdown",
   "metadata": {},
   "source": [
    "### Unsupervised Learning "
   ]
  },
  {
   "cell_type": "markdown",
   "metadata": {},
   "source": [
    "- [Lab 1: Principal Component Analysis](#Lab-1:-Principal-Component-Analysis)\n",
    "- [Lab 2: K-Means Clustering](#Lab-2:-Clustering)\n",
    "- [Lab 2: Hierarchical Clustering](#10.5.3-Hierarchical-Clustering)"
   ]
  },
  {
   "cell_type": "code",
   "execution_count": 1,
   "metadata": {},
   "outputs": [],
   "source": [
    "# %load ../standard_import.txt\n",
    "import pandas as pd\n",
    "import numpy as np\n",
    "import matplotlib as mpl\n",
    "import matplotlib.pyplot as plt\n",
    "import seaborn as sns\n",
    "\n",
    "from sklearn.preprocessing import scale\n",
    "from sklearn.decomposition import PCA\n",
    "from sklearn.cluster import KMeans\n",
    "\n",
    "from scipy.cluster import hierarchy"
   ]
  },
  {
   "cell_type": "markdown",
   "metadata": {},
   "source": [
    "#### Principal Component Analysis"
   ]
  },
  {
   "cell_type": "code",
   "execution_count": 2,
   "metadata": {},
   "outputs": [
    {
     "name": "stdout",
     "output_type": "stream",
     "text": [
      "<class 'pandas.core.frame.DataFrame'>\n",
      "Index: 50 entries, Alabama to Wyoming\n",
      "Data columns (total 4 columns):\n",
      " #   Column    Non-Null Count  Dtype  \n",
      "---  ------    --------------  -----  \n",
      " 0   Murder    50 non-null     float64\n",
      " 1   Assault   50 non-null     int64  \n",
      " 2   UrbanPop  50 non-null     int64  \n",
      " 3   Rape      50 non-null     float64\n",
      "dtypes: float64(2), int64(2)\n",
      "memory usage: 2.0+ KB\n"
     ]
    }
   ],
   "source": [
    "# In R, I exported the dataset to a csv file. It is part of the base R distribution.\n",
    "df = pd.read_csv('data/USArrests.csv', index_col=0)\n",
    "df.info()"
   ]
  },
  {
   "cell_type": "code",
   "execution_count": 3,
   "metadata": {},
   "outputs": [
    {
     "data": {
      "text/plain": [
       "Murder        7.788\n",
       "Assault     170.760\n",
       "UrbanPop     65.540\n",
       "Rape         21.232\n",
       "dtype: float64"
      ]
     },
     "execution_count": 3,
     "metadata": {},
     "output_type": "execute_result"
    }
   ],
   "source": [
    "df.mean()"
   ]
  },
  {
   "cell_type": "code",
   "execution_count": 4,
   "metadata": {},
   "outputs": [
    {
     "data": {
      "text/plain": [
       "Murder        18.970465\n",
       "Assault     6945.165714\n",
       "UrbanPop     209.518776\n",
       "Rape          87.729159\n",
       "dtype: float64"
      ]
     },
     "execution_count": 4,
     "metadata": {},
     "output_type": "execute_result"
    }
   ],
   "source": [
    "df.var()"
   ]
  },
  {
   "cell_type": "code",
   "execution_count": 9,
   "metadata": {},
   "outputs": [
    {
     "name": "stdout",
     "output_type": "stream",
     "text": [
      "                  Murder   Assault  UrbanPop      Rape\n",
      "Alabama         1.255179  0.790787 -0.526195 -0.003451\n",
      "Alaska          0.513019  1.118060 -1.224067  2.509424\n",
      "Arizona         0.072361  1.493817  1.009122  1.053466\n",
      "Arkansas        0.234708  0.233212 -1.084492 -0.186794\n",
      "California      0.281093  1.275635  1.776781  2.088814\n",
      "Colorado        0.025976  0.402909  0.869548  1.883901\n",
      "Connecticut    -1.040880 -0.736484  0.799761 -1.092723\n",
      "Delaware       -0.437875  0.815030  0.450825 -0.585834\n",
      "Florida         1.765415  1.990786  1.009122  1.150530\n",
      "Georgia         2.229265  0.487757 -0.386621  0.492653\n",
      "Hawaii         -0.577030 -1.512241  1.218484 -0.111300\n",
      "Idaho          -1.203228 -0.615272 -0.805344 -0.758392\n",
      "Illinois        0.605789  0.948363  1.218484  0.298525\n",
      "Indiana        -0.136372 -0.700121 -0.037685 -0.025021\n",
      "Iowa           -1.295998 -1.391029 -0.595982 -1.071153\n",
      "Kansas         -0.414682 -0.675878  0.032102 -0.348567\n",
      "Kentucky        0.443441 -0.748605 -0.944918 -0.531910\n",
      "Louisiana       1.765415  0.948363  0.032102  0.104398\n",
      "Maine          -1.319191 -1.063757 -1.014705 -1.448624\n",
      "Maryland        0.814521  1.566544  0.101889  0.708350\n",
      "Massachusetts  -0.785763 -0.263757  1.358058 -0.531910\n",
      "Michigan        1.000062  1.021090  0.590399  1.495646\n",
      "Minnesota      -1.180036 -1.197090  0.032102 -0.682898\n",
      "Mississippi     1.927762  1.069575 -1.503215 -0.445631\n",
      "Missouri        0.281093  0.087757  0.311251  0.751490\n",
      "Montana        -0.414682 -0.748605 -0.875131 -0.521125\n",
      "Nebraska       -0.808955 -0.833454 -0.247047 -0.510340\n",
      "Nevada          1.023254  0.984726  1.078909  2.671197\n",
      "New Hampshire  -1.319191 -1.378908 -0.665769 -1.265281\n",
      "New Jersey     -0.089987 -0.142545  1.637207 -0.262288\n",
      "New Mexico      0.837714  1.384726  0.311251  1.172100\n",
      "New York        0.768136  1.008969  1.427845  0.525008\n",
      "North Carolina  1.208794  2.015028 -1.433428 -0.553480\n",
      "North Dakota   -1.620693 -1.524362 -1.503215 -1.502548\n",
      "Ohio           -0.113180 -0.615272  0.660186  0.018119\n",
      "Oklahoma       -0.275527 -0.239515  0.171676 -0.132870\n",
      "Oregon         -0.669800 -0.142545  0.101889  0.870123\n",
      "Pennsylvania   -0.345105 -0.784969  0.450825 -0.682898\n",
      "Rhode Island   -1.017688  0.039273  1.497632 -1.394700\n",
      "South Carolina  1.533490  1.311999 -1.224067  0.136752\n",
      "South Dakota   -0.924918 -1.027393 -1.433428 -0.909380\n",
      "Tennessee       1.255179  0.208970 -0.456408  0.611287\n",
      "Texas           1.139217  0.366545  1.009122  0.460298\n",
      "Utah           -1.064073 -0.615272  1.009122  0.179892\n",
      "Vermont        -1.295998 -1.487999 -2.340661 -1.081938\n",
      "Virginia        0.165131 -0.178909 -0.177259 -0.057376\n",
      "Washington     -0.878533 -0.312242  0.520612  0.535792\n",
      "West Virginia  -0.484260 -1.087999 -1.852151 -1.286851\n",
      "Wisconsin      -1.203228 -1.427393  0.032102 -1.125078\n",
      "Wyoming        -0.229142 -0.118303 -0.386621 -0.607404\n"
     ]
    }
   ],
   "source": [
    "X = pd.DataFrame(scale(df), index=df.index, columns=df.columns)\n",
    "print(X)"
   ]
  },
  {
   "cell_type": "code",
   "execution_count": 11,
   "metadata": {},
   "outputs": [
    {
     "data": {
      "text/html": [
       "<div>\n",
       "<style scoped>\n",
       "    .dataframe tbody tr th:only-of-type {\n",
       "        vertical-align: middle;\n",
       "    }\n",
       "\n",
       "    .dataframe tbody tr th {\n",
       "        vertical-align: top;\n",
       "    }\n",
       "\n",
       "    .dataframe thead th {\n",
       "        text-align: right;\n",
       "    }\n",
       "</style>\n",
       "<table border=\"1\" class=\"dataframe\">\n",
       "  <thead>\n",
       "    <tr style=\"text-align: right;\">\n",
       "      <th></th>\n",
       "      <th>V1</th>\n",
       "      <th>V2</th>\n",
       "      <th>V3</th>\n",
       "      <th>V4</th>\n",
       "    </tr>\n",
       "  </thead>\n",
       "  <tbody>\n",
       "    <tr>\n",
       "      <th>Murder</th>\n",
       "      <td>0.535899</td>\n",
       "      <td>0.418181</td>\n",
       "      <td>-0.341233</td>\n",
       "      <td>0.649228</td>\n",
       "    </tr>\n",
       "    <tr>\n",
       "      <th>Assault</th>\n",
       "      <td>0.583184</td>\n",
       "      <td>0.187986</td>\n",
       "      <td>-0.268148</td>\n",
       "      <td>-0.743407</td>\n",
       "    </tr>\n",
       "    <tr>\n",
       "      <th>UrbanPop</th>\n",
       "      <td>0.278191</td>\n",
       "      <td>-0.872806</td>\n",
       "      <td>-0.378016</td>\n",
       "      <td>0.133878</td>\n",
       "    </tr>\n",
       "    <tr>\n",
       "      <th>Rape</th>\n",
       "      <td>0.543432</td>\n",
       "      <td>-0.167319</td>\n",
       "      <td>0.817778</td>\n",
       "      <td>0.089024</td>\n",
       "    </tr>\n",
       "  </tbody>\n",
       "</table>\n",
       "</div>"
      ],
      "text/plain": [
       "                V1        V2        V3        V4\n",
       "Murder    0.535899  0.418181 -0.341233  0.649228\n",
       "Assault   0.583184  0.187986 -0.268148 -0.743407\n",
       "UrbanPop  0.278191 -0.872806 -0.378016  0.133878\n",
       "Rape      0.543432 -0.167319  0.817778  0.089024"
      ]
     },
     "execution_count": 11,
     "metadata": {},
     "output_type": "execute_result"
    }
   ],
   "source": [
    "# The loading vectors\n",
    "pca_loadings = pd.DataFrame(PCA().fit(X).components_.T, index=df.columns, columns=['V1', 'V2', 'V3', 'V4'])\n",
    "pca_loadings"
   ]
  },
  {
   "cell_type": "code",
   "execution_count": 12,
   "metadata": {},
   "outputs": [
    {
     "data": {
      "text/html": [
       "<div>\n",
       "<style scoped>\n",
       "    .dataframe tbody tr th:only-of-type {\n",
       "        vertical-align: middle;\n",
       "    }\n",
       "\n",
       "    .dataframe tbody tr th {\n",
       "        vertical-align: top;\n",
       "    }\n",
       "\n",
       "    .dataframe thead th {\n",
       "        text-align: right;\n",
       "    }\n",
       "</style>\n",
       "<table border=\"1\" class=\"dataframe\">\n",
       "  <thead>\n",
       "    <tr style=\"text-align: right;\">\n",
       "      <th></th>\n",
       "      <th>PC1</th>\n",
       "      <th>PC2</th>\n",
       "      <th>PC3</th>\n",
       "      <th>PC4</th>\n",
       "    </tr>\n",
       "  </thead>\n",
       "  <tbody>\n",
       "    <tr>\n",
       "      <th>Alabama</th>\n",
       "      <td>0.985566</td>\n",
       "      <td>1.133392</td>\n",
       "      <td>-0.444269</td>\n",
       "      <td>0.156267</td>\n",
       "    </tr>\n",
       "    <tr>\n",
       "      <th>Alaska</th>\n",
       "      <td>1.950138</td>\n",
       "      <td>1.073213</td>\n",
       "      <td>2.040003</td>\n",
       "      <td>-0.438583</td>\n",
       "    </tr>\n",
       "    <tr>\n",
       "      <th>Arizona</th>\n",
       "      <td>1.763164</td>\n",
       "      <td>-0.745957</td>\n",
       "      <td>0.054781</td>\n",
       "      <td>-0.834653</td>\n",
       "    </tr>\n",
       "    <tr>\n",
       "      <th>Arkansas</th>\n",
       "      <td>-0.141420</td>\n",
       "      <td>1.119797</td>\n",
       "      <td>0.114574</td>\n",
       "      <td>-0.182811</td>\n",
       "    </tr>\n",
       "    <tr>\n",
       "      <th>California</th>\n",
       "      <td>2.523980</td>\n",
       "      <td>-1.542934</td>\n",
       "      <td>0.598557</td>\n",
       "      <td>-0.341996</td>\n",
       "    </tr>\n",
       "    <tr>\n",
       "      <th>Colorado</th>\n",
       "      <td>1.514563</td>\n",
       "      <td>-0.987555</td>\n",
       "      <td>1.095007</td>\n",
       "      <td>0.001465</td>\n",
       "    </tr>\n",
       "    <tr>\n",
       "      <th>Connecticut</th>\n",
       "      <td>-1.358647</td>\n",
       "      <td>-1.088928</td>\n",
       "      <td>-0.643258</td>\n",
       "      <td>-0.118469</td>\n",
       "    </tr>\n",
       "    <tr>\n",
       "      <th>Delaware</th>\n",
       "      <td>0.047709</td>\n",
       "      <td>-0.325359</td>\n",
       "      <td>-0.718633</td>\n",
       "      <td>-0.881978</td>\n",
       "    </tr>\n",
       "    <tr>\n",
       "      <th>Florida</th>\n",
       "      <td>3.013042</td>\n",
       "      <td>0.039229</td>\n",
       "      <td>-0.576829</td>\n",
       "      <td>-0.096285</td>\n",
       "    </tr>\n",
       "    <tr>\n",
       "      <th>Georgia</th>\n",
       "      <td>1.639283</td>\n",
       "      <td>1.278942</td>\n",
       "      <td>-0.342460</td>\n",
       "      <td>1.076797</td>\n",
       "    </tr>\n",
       "    <tr>\n",
       "      <th>Hawaii</th>\n",
       "      <td>-0.912657</td>\n",
       "      <td>-1.570460</td>\n",
       "      <td>0.050782</td>\n",
       "      <td>0.902807</td>\n",
       "    </tr>\n",
       "    <tr>\n",
       "      <th>Idaho</th>\n",
       "      <td>-1.639800</td>\n",
       "      <td>0.210973</td>\n",
       "      <td>0.259801</td>\n",
       "      <td>-0.499104</td>\n",
       "    </tr>\n",
       "    <tr>\n",
       "      <th>Illinois</th>\n",
       "      <td>1.378911</td>\n",
       "      <td>-0.681841</td>\n",
       "      <td>-0.677496</td>\n",
       "      <td>-0.122021</td>\n",
       "    </tr>\n",
       "    <tr>\n",
       "      <th>Indiana</th>\n",
       "      <td>-0.505461</td>\n",
       "      <td>-0.151563</td>\n",
       "      <td>0.228055</td>\n",
       "      <td>0.424666</td>\n",
       "    </tr>\n",
       "    <tr>\n",
       "      <th>Iowa</th>\n",
       "      <td>-2.253646</td>\n",
       "      <td>-0.104054</td>\n",
       "      <td>0.164564</td>\n",
       "      <td>0.017556</td>\n",
       "    </tr>\n",
       "    <tr>\n",
       "      <th>Kansas</th>\n",
       "      <td>-0.796881</td>\n",
       "      <td>-0.270165</td>\n",
       "      <td>0.025553</td>\n",
       "      <td>0.206496</td>\n",
       "    </tr>\n",
       "    <tr>\n",
       "      <th>Kentucky</th>\n",
       "      <td>-0.750859</td>\n",
       "      <td>0.958440</td>\n",
       "      <td>-0.028369</td>\n",
       "      <td>0.670557</td>\n",
       "    </tr>\n",
       "    <tr>\n",
       "      <th>Louisiana</th>\n",
       "      <td>1.564818</td>\n",
       "      <td>0.871055</td>\n",
       "      <td>-0.783480</td>\n",
       "      <td>0.454728</td>\n",
       "    </tr>\n",
       "    <tr>\n",
       "      <th>Maine</th>\n",
       "      <td>-2.396829</td>\n",
       "      <td>0.376392</td>\n",
       "      <td>-0.065682</td>\n",
       "      <td>-0.330460</td>\n",
       "    </tr>\n",
       "    <tr>\n",
       "      <th>Maryland</th>\n",
       "      <td>1.763369</td>\n",
       "      <td>0.427655</td>\n",
       "      <td>-0.157250</td>\n",
       "      <td>-0.559070</td>\n",
       "    </tr>\n",
       "    <tr>\n",
       "      <th>Massachusetts</th>\n",
       "      <td>-0.486166</td>\n",
       "      <td>-1.474496</td>\n",
       "      <td>-0.609497</td>\n",
       "      <td>-0.179599</td>\n",
       "    </tr>\n",
       "    <tr>\n",
       "      <th>Michigan</th>\n",
       "      <td>2.108441</td>\n",
       "      <td>-0.155397</td>\n",
       "      <td>0.384869</td>\n",
       "      <td>0.102372</td>\n",
       "    </tr>\n",
       "    <tr>\n",
       "      <th>Minnesota</th>\n",
       "      <td>-1.692682</td>\n",
       "      <td>-0.632261</td>\n",
       "      <td>0.153070</td>\n",
       "      <td>0.067317</td>\n",
       "    </tr>\n",
       "    <tr>\n",
       "      <th>Mississippi</th>\n",
       "      <td>0.996494</td>\n",
       "      <td>2.393796</td>\n",
       "      <td>-0.740808</td>\n",
       "      <td>0.215508</td>\n",
       "    </tr>\n",
       "    <tr>\n",
       "      <th>Missouri</th>\n",
       "      <td>0.696787</td>\n",
       "      <td>-0.263355</td>\n",
       "      <td>0.377444</td>\n",
       "      <td>0.225824</td>\n",
       "    </tr>\n",
       "    <tr>\n",
       "      <th>Montana</th>\n",
       "      <td>-1.185452</td>\n",
       "      <td>0.536874</td>\n",
       "      <td>0.246889</td>\n",
       "      <td>0.123742</td>\n",
       "    </tr>\n",
       "    <tr>\n",
       "      <th>Nebraska</th>\n",
       "      <td>-1.265637</td>\n",
       "      <td>-0.193954</td>\n",
       "      <td>0.175574</td>\n",
       "      <td>0.015893</td>\n",
       "    </tr>\n",
       "    <tr>\n",
       "      <th>Nevada</th>\n",
       "      <td>2.874395</td>\n",
       "      <td>-0.775600</td>\n",
       "      <td>1.163380</td>\n",
       "      <td>0.314515</td>\n",
       "    </tr>\n",
       "    <tr>\n",
       "      <th>New Hampshire</th>\n",
       "      <td>-2.383915</td>\n",
       "      <td>-0.018082</td>\n",
       "      <td>0.036855</td>\n",
       "      <td>-0.033137</td>\n",
       "    </tr>\n",
       "    <tr>\n",
       "      <th>New Jersey</th>\n",
       "      <td>0.181566</td>\n",
       "      <td>-1.449506</td>\n",
       "      <td>-0.764454</td>\n",
       "      <td>0.243383</td>\n",
       "    </tr>\n",
       "    <tr>\n",
       "      <th>New Mexico</th>\n",
       "      <td>1.980024</td>\n",
       "      <td>0.142849</td>\n",
       "      <td>0.183692</td>\n",
       "      <td>-0.339534</td>\n",
       "    </tr>\n",
       "    <tr>\n",
       "      <th>New York</th>\n",
       "      <td>1.682577</td>\n",
       "      <td>-0.823184</td>\n",
       "      <td>-0.643075</td>\n",
       "      <td>-0.013484</td>\n",
       "    </tr>\n",
       "    <tr>\n",
       "      <th>North Carolina</th>\n",
       "      <td>1.123379</td>\n",
       "      <td>2.228003</td>\n",
       "      <td>-0.863572</td>\n",
       "      <td>-0.954382</td>\n",
       "    </tr>\n",
       "    <tr>\n",
       "      <th>North Dakota</th>\n",
       "      <td>-2.992226</td>\n",
       "      <td>0.599119</td>\n",
       "      <td>0.301277</td>\n",
       "      <td>-0.253987</td>\n",
       "    </tr>\n",
       "    <tr>\n",
       "      <th>Ohio</th>\n",
       "      <td>-0.225965</td>\n",
       "      <td>-0.742238</td>\n",
       "      <td>-0.031139</td>\n",
       "      <td>0.473916</td>\n",
       "    </tr>\n",
       "    <tr>\n",
       "      <th>Oklahoma</th>\n",
       "      <td>-0.311783</td>\n",
       "      <td>-0.287854</td>\n",
       "      <td>-0.015310</td>\n",
       "      <td>0.010332</td>\n",
       "    </tr>\n",
       "    <tr>\n",
       "      <th>Oregon</th>\n",
       "      <td>0.059122</td>\n",
       "      <td>-0.541411</td>\n",
       "      <td>0.939833</td>\n",
       "      <td>-0.237781</td>\n",
       "    </tr>\n",
       "    <tr>\n",
       "      <th>Pennsylvania</th>\n",
       "      <td>-0.888416</td>\n",
       "      <td>-0.571100</td>\n",
       "      <td>-0.400629</td>\n",
       "      <td>0.359061</td>\n",
       "    </tr>\n",
       "    <tr>\n",
       "      <th>Rhode Island</th>\n",
       "      <td>-0.863772</td>\n",
       "      <td>-1.491978</td>\n",
       "      <td>-1.369946</td>\n",
       "      <td>-0.613569</td>\n",
       "    </tr>\n",
       "    <tr>\n",
       "      <th>South Carolina</th>\n",
       "      <td>1.320724</td>\n",
       "      <td>1.933405</td>\n",
       "      <td>-0.300538</td>\n",
       "      <td>-0.131467</td>\n",
       "    </tr>\n",
       "    <tr>\n",
       "      <th>South Dakota</th>\n",
       "      <td>-1.987775</td>\n",
       "      <td>0.823343</td>\n",
       "      <td>0.389293</td>\n",
       "      <td>-0.109572</td>\n",
       "    </tr>\n",
       "    <tr>\n",
       "      <th>Tennessee</th>\n",
       "      <td>0.999742</td>\n",
       "      <td>0.860251</td>\n",
       "      <td>0.188083</td>\n",
       "      <td>0.652864</td>\n",
       "    </tr>\n",
       "    <tr>\n",
       "      <th>Texas</th>\n",
       "      <td>1.355138</td>\n",
       "      <td>-0.412481</td>\n",
       "      <td>-0.492069</td>\n",
       "      <td>0.643195</td>\n",
       "    </tr>\n",
       "    <tr>\n",
       "      <th>Utah</th>\n",
       "      <td>-0.550565</td>\n",
       "      <td>-1.471505</td>\n",
       "      <td>0.293728</td>\n",
       "      <td>-0.082314</td>\n",
       "    </tr>\n",
       "    <tr>\n",
       "      <th>Vermont</th>\n",
       "      <td>-2.801412</td>\n",
       "      <td>1.402288</td>\n",
       "      <td>0.841263</td>\n",
       "      <td>-0.144890</td>\n",
       "    </tr>\n",
       "    <tr>\n",
       "      <th>Virginia</th>\n",
       "      <td>-0.096335</td>\n",
       "      <td>0.199735</td>\n",
       "      <td>0.011713</td>\n",
       "      <td>0.211371</td>\n",
       "    </tr>\n",
       "    <tr>\n",
       "      <th>Washington</th>\n",
       "      <td>-0.216903</td>\n",
       "      <td>-0.970124</td>\n",
       "      <td>0.624871</td>\n",
       "      <td>-0.220848</td>\n",
       "    </tr>\n",
       "    <tr>\n",
       "      <th>West Virginia</th>\n",
       "      <td>-2.108585</td>\n",
       "      <td>1.424847</td>\n",
       "      <td>0.104775</td>\n",
       "      <td>0.131909</td>\n",
       "    </tr>\n",
       "    <tr>\n",
       "      <th>Wisconsin</th>\n",
       "      <td>-2.079714</td>\n",
       "      <td>-0.611269</td>\n",
       "      <td>-0.138865</td>\n",
       "      <td>0.184104</td>\n",
       "    </tr>\n",
       "    <tr>\n",
       "      <th>Wyoming</th>\n",
       "      <td>-0.629427</td>\n",
       "      <td>0.321013</td>\n",
       "      <td>-0.240659</td>\n",
       "      <td>-0.166652</td>\n",
       "    </tr>\n",
       "  </tbody>\n",
       "</table>\n",
       "</div>"
      ],
      "text/plain": [
       "                     PC1       PC2       PC3       PC4\n",
       "Alabama         0.985566  1.133392 -0.444269  0.156267\n",
       "Alaska          1.950138  1.073213  2.040003 -0.438583\n",
       "Arizona         1.763164 -0.745957  0.054781 -0.834653\n",
       "Arkansas       -0.141420  1.119797  0.114574 -0.182811\n",
       "California      2.523980 -1.542934  0.598557 -0.341996\n",
       "Colorado        1.514563 -0.987555  1.095007  0.001465\n",
       "Connecticut    -1.358647 -1.088928 -0.643258 -0.118469\n",
       "Delaware        0.047709 -0.325359 -0.718633 -0.881978\n",
       "Florida         3.013042  0.039229 -0.576829 -0.096285\n",
       "Georgia         1.639283  1.278942 -0.342460  1.076797\n",
       "Hawaii         -0.912657 -1.570460  0.050782  0.902807\n",
       "Idaho          -1.639800  0.210973  0.259801 -0.499104\n",
       "Illinois        1.378911 -0.681841 -0.677496 -0.122021\n",
       "Indiana        -0.505461 -0.151563  0.228055  0.424666\n",
       "Iowa           -2.253646 -0.104054  0.164564  0.017556\n",
       "Kansas         -0.796881 -0.270165  0.025553  0.206496\n",
       "Kentucky       -0.750859  0.958440 -0.028369  0.670557\n",
       "Louisiana       1.564818  0.871055 -0.783480  0.454728\n",
       "Maine          -2.396829  0.376392 -0.065682 -0.330460\n",
       "Maryland        1.763369  0.427655 -0.157250 -0.559070\n",
       "Massachusetts  -0.486166 -1.474496 -0.609497 -0.179599\n",
       "Michigan        2.108441 -0.155397  0.384869  0.102372\n",
       "Minnesota      -1.692682 -0.632261  0.153070  0.067317\n",
       "Mississippi     0.996494  2.393796 -0.740808  0.215508\n",
       "Missouri        0.696787 -0.263355  0.377444  0.225824\n",
       "Montana        -1.185452  0.536874  0.246889  0.123742\n",
       "Nebraska       -1.265637 -0.193954  0.175574  0.015893\n",
       "Nevada          2.874395 -0.775600  1.163380  0.314515\n",
       "New Hampshire  -2.383915 -0.018082  0.036855 -0.033137\n",
       "New Jersey      0.181566 -1.449506 -0.764454  0.243383\n",
       "New Mexico      1.980024  0.142849  0.183692 -0.339534\n",
       "New York        1.682577 -0.823184 -0.643075 -0.013484\n",
       "North Carolina  1.123379  2.228003 -0.863572 -0.954382\n",
       "North Dakota   -2.992226  0.599119  0.301277 -0.253987\n",
       "Ohio           -0.225965 -0.742238 -0.031139  0.473916\n",
       "Oklahoma       -0.311783 -0.287854 -0.015310  0.010332\n",
       "Oregon          0.059122 -0.541411  0.939833 -0.237781\n",
       "Pennsylvania   -0.888416 -0.571100 -0.400629  0.359061\n",
       "Rhode Island   -0.863772 -1.491978 -1.369946 -0.613569\n",
       "South Carolina  1.320724  1.933405 -0.300538 -0.131467\n",
       "South Dakota   -1.987775  0.823343  0.389293 -0.109572\n",
       "Tennessee       0.999742  0.860251  0.188083  0.652864\n",
       "Texas           1.355138 -0.412481 -0.492069  0.643195\n",
       "Utah           -0.550565 -1.471505  0.293728 -0.082314\n",
       "Vermont        -2.801412  1.402288  0.841263 -0.144890\n",
       "Virginia       -0.096335  0.199735  0.011713  0.211371\n",
       "Washington     -0.216903 -0.970124  0.624871 -0.220848\n",
       "West Virginia  -2.108585  1.424847  0.104775  0.131909\n",
       "Wisconsin      -2.079714 -0.611269 -0.138865  0.184104\n",
       "Wyoming        -0.629427  0.321013 -0.240659 -0.166652"
      ]
     },
     "execution_count": 12,
     "metadata": {},
     "output_type": "execute_result"
    }
   ],
   "source": [
    "# Fit the PCA model and transform X to get the principal components\n",
    "pca = PCA()\n",
    "df_plot = pd.DataFrame(pca.fit_transform(X), columns=['PC1', 'PC2', 'PC3', 'PC4'], index=X.index)\n",
    "df_plot"
   ]
  },
  {
   "cell_type": "code",
   "execution_count": 14,
   "metadata": {},
   "outputs": [
    {
     "name": "stderr",
     "output_type": "stream",
     "text": [
      "/var/folders/gc/ck7ytbc57dbb04nx68vc1tbxxjk8zv/T/ipykernel_62697/1860621352.py:31: FutureWarning: Series.__getitem__ treating keys as positions is deprecated. In a future version, integer keys will always be treated as labels (consistent with DataFrame behavior). To access a value by position, use `ser.iloc[pos]`\n",
      "  ax2.arrow(0,0,pca_loadings.V1[0], -pca_loadings.V2[0])\n",
      "/var/folders/gc/ck7ytbc57dbb04nx68vc1tbxxjk8zv/T/ipykernel_62697/1860621352.py:32: FutureWarning: Series.__getitem__ treating keys as positions is deprecated. In a future version, integer keys will always be treated as labels (consistent with DataFrame behavior). To access a value by position, use `ser.iloc[pos]`\n",
      "  ax2.arrow(0,0,pca_loadings.V1[1], -pca_loadings.V2[1])\n",
      "/var/folders/gc/ck7ytbc57dbb04nx68vc1tbxxjk8zv/T/ipykernel_62697/1860621352.py:33: FutureWarning: Series.__getitem__ treating keys as positions is deprecated. In a future version, integer keys will always be treated as labels (consistent with DataFrame behavior). To access a value by position, use `ser.iloc[pos]`\n",
      "  ax2.arrow(0,0,pca_loadings.V1[2], -pca_loadings.V2[2])\n",
      "/var/folders/gc/ck7ytbc57dbb04nx68vc1tbxxjk8zv/T/ipykernel_62697/1860621352.py:34: FutureWarning: Series.__getitem__ treating keys as positions is deprecated. In a future version, integer keys will always be treated as labels (consistent with DataFrame behavior). To access a value by position, use `ser.iloc[pos]`\n",
      "  ax2.arrow(0,0,pca_loadings.V1[3], -pca_loadings.V2[3]);\n"
     ]
    },
    {
     "data": {
